Define CharList
 ( 'A', 'B', 'C', 'D', 'E', 'F', 'G', 'H', 'I', 'J', 'K', 'L', 'M', 'N', 'O', 'P',
   'Q', 'R', 'S', 'T', 'U', 'V', 'W', 'X', 'Y', 'Z', 'a', 'b', 'c', 'd', 'e', 'f',
   'g', 'h', 'i', 'j', 'k', 'l', 'm', 'n', 'o', 'p', 'q', 'r', 's', 't', 'u', 'v',
   'w', 'x', 'y', 'z', '0', '1', '2', '3', '4', '5', '6', '7', '8', '9', '~', '`',
   '!', '@', '#', '$', '%', '^', '&', '*', '(', ')', '-', '_', '=', '+', '[', '{',
   ']', '}', ';', ':',"'", '"', ',', '<', '.', '>', '/', '?', '¡', '¢', '£', '¥',
   '§', '©', '®', '¿', 'À', 'Á', 'Â', 'Ã', 'Ä', 'Å', 'Æ', 'Ç', 'È', 'É', 'Ê', 'Ë',
   'Ì', 'Í', 'Î', 'Ï', 'Ð', 'Ñ', 'Ò', 'Ó', 'Ô', 'Õ', 'Ö', 'Ø', 'Ù', 'Ú', 'Û', 'Ü',
   'Ý', 'ß', 'à', 'á', 'â', 'ã', 'ä', 'å', 'æ', 'ç', 'è', 'é', 'ê', 'ë', 'ì', 'í',
   'î', 'ï', 'ð', 'ñ', 'ò', 'ó', 'ô', 'õ', 'ö', 'ø', 'ù', 'ú', 'û', 'ü', 'ý', 'ÿ', '€');

Define WidthList
 (  12,  11,  10,  11,  10,  10,  11,  11,   5,   6,  11,  10,  15,  11,  11,  11,
    11,  11,  10,   9,  11,  11,  16,  11,  11,  10,  10,  10,   8,  10,  10,   5,
    10,  10,   4,   4,  10,   4,  14,  10,  10,  10,  10,   5,   9,   5,  10,  10,
    13,   9,  10,  10,  11,  11,  11,  11,  11,  11,  11,  11,  11,  11,  11,   7,
     5,  14,  13,  10,  17,  11,  13,   8,   6,   6,   6,  10,  13,  11,   5,   6,
     5,   6,   5,   5,   4,   7,   4,  10,   4,  10,  11,  10,   5,   8,  12,  13,
    10,  14,  14,  10,  12,  12,  12,  12,  12,  12,  23,  12,  10,  10,  10,  10,
     5,   6,   5,   5,  14,  11,  11,  11,  11,  11,  11,  16,  11,  11,  11,  11,
    11,  11,  12,  10,  10,  10,  10,  12,  17,  10,  10,  10,  10,  10,   5,   5,
     5,   5,  12,  11,  13,  13,  13,  13,  13,  13,  11,  11,  11,  11,  10,  10, 14);

Define RectList
 ( (   0,  0, 21, 27), (  22,  0, 19, 27), (  42,  0, 18, 27), (  61,  0, 19, 27),
   (  81,  0, 18, 27), ( 100,  0, 18, 27), ( 119,  0, 19, 27), ( 139,  0, 19, 27),
   ( 159,  0, 12, 27), ( 172,  0, 14, 27), ( 187,  0, 19, 27), ( 207,  0, 18, 27),
   ( 226,  0, 22, 27), ( 249,  0, 19, 27), ( 269,  0, 18, 27), ( 288,  0, 19, 27),
   ( 308,  0, 19, 27), ( 328,  0, 19, 27), ( 348,  0, 18, 27), ( 367,  0, 18, 27),
   ( 386,  0, 19, 27), ( 406,  0, 21, 27), ( 428,  0, 24, 27), ( 453,  0, 21, 27),
   ( 475,  0, 21, 27), ( 497,  0, 18, 27), ( 516,  0, 17, 27), ( 534,  0, 17, 27),
   ( 552,  0, 16, 27), ( 569,  0, 17, 27), ( 587,  0, 18, 27), ( 606,  0, 13, 27),
   ( 620,  0, 17, 27), ( 638,  0, 17, 27), ( 656,  0, 12, 27), ( 669,  0, 14, 27),
   ( 684,  0, 18, 27), ( 703,  0, 12, 27), ( 716,  0, 21, 27), ( 738,  0, 17, 27),
   ( 756,  0, 17, 27), ( 774,  0, 17, 27), ( 792,  0, 17, 27), ( 810,  0, 13, 27),
   ( 824,  0, 17, 27), ( 842,  0, 13, 27), ( 856,  0, 17, 27), ( 874,  0, 19, 27),
   ( 894,  0, 22, 27), ( 917,  0, 19, 27), ( 937,  0, 17, 27), ( 955,  0, 18, 27),
   ( 974,  0, 18, 27), ( 993,  0, 12, 27), (1006,  0, 18, 27), (1025,  0, 18, 27),
   (1044,  0, 18, 27), (1063,  0, 18, 27), (1082,  0, 18, 27), (1101,  0, 17, 27),
   (1119,  0, 18, 27), (1138,  0, 18, 27), (1157,  0, 17, 27), (1175,  0, 13, 27),
   (1189,  0, 12, 27), (1202,  0, 22, 27), (1225,  0, 21, 27), (1247,  0, 18, 27),
   (1266,  0, 25, 27), (1292,  0, 17, 27), (1310,  0, 21, 27), (1332,  0, 16, 27),
   (1349,  0, 14, 27), (1364,  0, 12, 27), (1377,  0, 14, 27), (1392,  0, 20, 27),
   (1413,  0, 20, 27), (1434,  0, 19, 27), (1454,  0, 12, 27), (1467,  0, 13, 27),
   (1481,  0, 11, 27), (1493,  0, 13, 27), (1507,  0, 12, 27), (1520,  0, 12, 27),
   (1533,  0, 12, 27), (1546,  0, 14, 27), (1561,  0, 12, 27), (1574,  0, 19, 27),
   (1594,  0, 12, 27), (1607,  0, 19, 27), (1627,  0, 20, 27), (1648,  0, 18, 27),
   (1667,  0, 12, 27), (1680,  0, 16, 27), (1697,  0, 20, 27), (1718,  0, 23, 27),
   (1742,  0, 18, 27), (1761,  0, 22, 27), (1784,  0, 23, 27), (1808,  0, 18, 27),
   (1827,  0, 21, 27), (1849,  0, 20, 27), (1870,  0, 20, 27), (1891,  0, 20, 27),
   (1912,  0, 20, 27), (1933,  0, 21, 27), (1955,  0, 32, 27), (1988,  0, 20, 27),
   (2009,  0, 18, 27), (2028,  0, 17, 27), (2046,  0, 17, 27), (2064,  0, 17, 27),
   (2082,  0, 11, 27), (2094,  0, 12, 27), (2107,  0, 16, 27), (2124,  0, 15, 27),
   (2140,  0, 22, 27), (2163,  0, 18, 27), (2182,  0, 18, 27), (2201,  0, 17, 27),
   (2219,  0, 17, 27), (2237,  0, 17, 27), (2255,  0, 17, 27), (2273,  0, 24, 27),
   (2298,  0, 19, 27), (2318,  0, 18, 27), (2337,  0, 18, 27), (2356,  0, 18, 27),
   (2375,  0, 20, 27), (2396,  0, 18, 27), (2415,  0, 16, 27), (2432,  0, 16, 27),
   (2449,  0, 17, 27), (2467,  0, 17, 27), (2485,  0, 16, 27), (2502,  0, 19, 27),
   (2522,  0, 25, 27), (2548,  0, 18, 27), (2567,  0, 18, 27), (2586,  0, 17, 27),
   (2604,  0, 17, 27), (2622,  0, 17, 27), (2640,  0, 11, 27), (2652,  0, 13, 27),
   (2666,  0, 16, 27), (2683,  0, 15, 27), (2699,  0, 19, 27), (2719,  0, 17, 27),
   (2737,  0, 16, 27), (2754,  0, 16, 27), (2771,  0, 18, 27), (2790,  0, 18, 27),
   (2809,  0, 17, 27), (2827,  0, 21, 27), (2849,  0, 16, 27), (2866,  0, 16, 27),
   (2883,  0, 17, 27), (2901,  0, 16, 27), (2918,  0, 16, 27), (2935,  0, 16, 27), (2952,  0, 18, 27));

Define OffsetList
 ( (-5, 0), (-4, 0), (-4, 0), (-4, 0), (-4, 0), (-4, 0), (-4, 0), (-4, 0),
   (-4, 0), (-4, 0), (-4, 0), (-4, 0), (-4, 0), (-4, 0), (-4, 0), (-4, 0),
   (-4, 0), (-4, 0), (-4, 0), (-4, 0), (-4, 0), (-5, 0), (-4, 0), (-5, 0),
   (-5, 0), (-4, 0), (-4, 0), (-4, 0), (-4, 0), (-4, 0), (-4, 0), (-4, 0),
   (-4, 0), (-4, 0), (-4, 0), (-5, 0), (-4, 0), (-4, 0), (-4, 0), (-4, 0),
   (-4, 0), (-4, 0), (-4, 0), (-4, 0), (-4, 0), (-4, 0), (-4, 0), (-5, 0),
   (-4, 0), (-5, 0), (-4, 0), (-4, 0), (-4, 0), ( 0, 0), (-3, 0), (-3, 0),
   (-4, 0), (-3, 0), (-4, 0), (-3, 0), (-4, 0), (-4, 0), (-3, 0), (-3, 0),
   (-4, 0), (-4, 0), (-4, 0), (-4, 0), (-4, 0), (-3, 0), (-4, 0), (-4, 0),
   (-4, 0), (-3, 0), (-4, 0), (-5, 0), (-4, 0), (-4, 0), (-4, 0), (-4, 0),
   (-3, 0), (-3, 0), (-4, 0), (-4, 0), (-4, 0), (-4, 0), (-4, 0), (-4, 0),
   (-4, 0), (-4, 0), (-5, 0), (-4, 0), (-4, 0), (-4, 0), (-4, 0), (-5, 0),
   (-4, 0), (-4, 0), (-4, 0), (-4, 0), (-5, 0), (-4, 0), (-4, 0), (-4, 0),
   (-4, 0), (-5, 0), (-4, 0), (-4, 0), (-4, 0), (-3, 0), (-3, 0), (-3, 0),
   (-2, 0), (-4, 0), (-5, 0), (-5, 0), (-5, 0), (-3, 0), (-4, 0), (-3, 0),
   (-3, 0), (-3, 0), (-3, 0), (-4, 0), (-4, 0), (-3, 0), (-3, 0), (-3, 0),
   (-4, 0), (-3, 0), (-2, 0), (-3, 0), (-3, 0), (-3, 0), (-3, 0), (-4, 0),
   (-4, 0), (-4, 0), (-4, 0), (-3, 0), (-3, 0), (-3, 0), (-3, 0), (-4, 0),
   (-5, 0), (-5, 0), (-4, 0), (-3, 0), (-3, 0), (-3, 0), (-3, 0), (-3, 0),
   (-3, 0), (-4, 0), (-3, 0), (-3, 0), (-3, 0), (-3, 0), (-3, 0), (-3, 0), (-3, 0));

Define KerningPairs
 ("€0", "€1", "€2", "€3", "€4", "€5", "€6", "€7", "€8", "€9","10", "11", "12", "13", "14", "15", "16" ,"17", "18", "19", "41", "42", "43", "21", "31", "51", "61", "81", "91", "01");

Define KerningValues ( -3, -5, -3, -3, -4, -3, -3, -3, -3, -3, -3, -6, -4, -3, -3, -4, -3, -3, -3, -3, -4, -1, -1, -4, -3, -3, -3, -3, -3, -3);

CreateLayer               Main;
LayerSetImage             Main 'ContinuumBold14outback';
LayerSetAscent            Main 19;
LayerSetCharWidths        Main CharList WidthList;
LayerSetCharWidths        Main (' ') (5);
LayerSetCharWidths        Main (' ') (5);
LayerSetKerningPairs      Main KerningPairs KerningValues;
LayerSetImageMap          Main CharList RectList;
LayerSetCharOffsets       Main CharList OffsetList;
LayerSetAscentPadding     Main 4;
LayerSetLineSpacingOffset Main -4;
LayerSetPointSize         Main 14;

SetDefaultPointSize  14;
